24.673999
41.992599
34.613215
36.587863
37.834928
33.393065
44.906526
40.212304
32.152378
28.642321
48.027631
26.128595
37.127319
32.902682
28.255207
33.784339
45.676409
30.481869
40.956778
31.406393
31.975394
32.727441
39.205923
27.779643
63.891527
39.245623
54.420159
52.335056
52.664274
40.263641
45.50175
39.399195
30.573227
38.715063
35.338186
48.79739
46.98045
39.470917
46.379917
32.788388
39.21497
12.369237
14.687818
34.43409
35.856937
30.778466
30.126621
19.508695
28.929977
24.932272
20.372332
19.10237
26.773835
25.612074
5.512773
31.275773
45.761718
52.646546
23.069676
39.738365
36.2132
48.832404
38.399629
24.108591
29.737466
26.604302
39.812389
35.599766
22.503222
16.494131
13.806703
12.998474
16.799042
8.752021
10.532857
16.020544
29.762052
23.275632
42.474415
58.926957
37.526909
27.558661
39.916432
36.261018
21.223856
16.850371
9.241419
43.43255
22.842927
24.374955
27.13137
37.929845
22.097671
23.814778
19.426938
28.75857
48.450644
34.569134
18.343774
48.608585
28.581072
31.11848
30.654239
35.506285
43.699973
36.958701
35.416331
38.984286
12.971057
38.485314
33.926595
47.60388
21.048027
4.67693
45.686095
23.649508
38.713691
24.178728
62.391709
20.008871
48.009203
32.931139
44.025702
49.930538
29.995249
53.037437
40.591439
19.920162
24.192823
27.082092
32.412614
39.780275
37.872671
33.056489
32.37305
38.330546
10.226426
28.370345
21.297664
11.015997
36.517171
21.043381
39.634199
18.556461
56.329791
27.585346
35.638088
45.236914
8.350964
13.078238
48.620373
27.432344
39.678712
39.111683
24.964729
11.744931
17.251189
13.48962
16.786912
27.136976
33.376325
30.910186
32.085478
41.072331
23.536037
32.140843
17.327148
28.46849
16.966273
35.524524
23.407199
19.997518
19.502333
14.073915
36.599226
31.487199
36.289049
32.605255
19.236282
15.566318
2.662705
9.302508
49.127783
32.887652
7.666271
26.604205
27.389457
12.469186
17.1814
40.151951
16.370684
32.151787
26.997729
27.429409
16.579071
27.528025
14.570495
9.550298
45.813088
50.498066
51.660799
11.094766
27.369094
25.150371
23.616919
27.043285
27.939555
12.040084
32.937101
16.952621
15.782568
17.165317
56.727963
39.053429
40.835509
43.894793
29.167516
17.121359
27.813363
49.782282
19.305604
19.112972
21.61426
24.39708
27.14349
31.75451
44.804982
22.532383
10.94181
18.00089
24.43264
16.239766
38.397127
41.39623
27.914307
20.719502
27.706614
21.272576
21.687696
18.593397
18.196689
22.901429
14.439009
35.536445
28.793839
31.845318
30.178084
24.569383
33.426755
27.253428
9.271642
37.485784
18.875363
21.822022
44.737493
31.470063
11.34753
20.139072
24.069846
52.573476
26.263066
18.836047
15.575029
28.217371
41.653567
35.22193
31.496711
59.122994
16.774896
11.515551
15.913649
33.351014
41.420824
41.38839
44.498034
22.391641
20.940207
46.624218
20.984968
21.831947
13.212993
18.258135
20.672309
28.702573
15.281384
23.319908
21.074983
27.324703
15.473404
28.119669
28.521683
42.357342
31.881138
45.340784
14.950168
32.638347
46.89866
49.916823
25.450792
55.80374
58.178585
21.594754
26.530214
12.218503
36.775073
23.773215
38.558496
29.839786
18.234211
25.297021
50.287876
16.352596
24.071176
27.682626
27.254248
30.8421
16.788337
30.101056
23.675957
15.662531
26.077837
20.741127
37.05191
25.652037
20.716424
45.524628
35.544689
22.851133
22.417057
17.112583
20.809871
25.621744
25.09646
22.112355
20.107867
24.761095
37.31559
13.825825
13.340437
19.944125
30.408291
35.09601
30.254899
30.109922
39.353105
31.848869
29.863775
47.551699
26.316774
31.223214
24.283104
33.116459
36.584013
37.524635
23.878559
21.096121
21.673285
18.450941
37.447539
20.908024
24.072507
18.516737
18.127057
30.051792
31.5426
25.641214
20.362173
18.109463
23.597369
33.374364
17.256475
45.493114
30.062568
22.856353
32.568793
33.169675
24.700739
22.074531
19.795073
23.819667
27.311816
13.368064
31.623876
36.165503
24.328504
36.837761
24.648695
48.820594
19.040087
19.132232
22.209795
28.508599
18.960143
31.979266
21.144004
27.8352
29.165693
32.247345
19.37076
19.154338
24.856602
20.424934
19.971327
20.287134
49.80745
37.069304
32.345598
31.109213
33.00837
50.659575
58.782891
27.07466
49.729215
30.636684
23.077468
20.053121
13.430089
28.073473
16.068725
19.608685
23.16347
20.788626
21.454898
27.845518
20.761449
48.061805
32.368184
19.730379
25.387191
26.367861
32.832841
32.892917
23.262782
23.727785
32.734408
35.504102
24.121258
15.82346
30.276495
46.595101
8.149119
20.579011
41.324412
14.866148
26.135458
20.208085
19.802453
43.885201
14.095627
16.567901
48.650078
12.354805
32.646038
20.882829
36.088432
17.845866
25.45392
28.579153
22.778804
14.910195
23.899151
22.210513
15.124084
25.064176
30.296005
14.327574
18.62785
43.887824
31.051847
30.988383
29.503852
42.613519
12.503596
15.306681
8.534875
4.560167
21.736368
11.911701
21.318915
27.782371
25.83195
16.984171
27.004388
17.635604
25.093606
8.595435
18.195999
18.170019
27.290865
34.126838
8.120364
27.960103
50.483364
12.293769
26.452171
25.096371
13.567508
42.636982
31.02996
32.038089
37.542271
16.974025
