61.407718
80.267750
53.654508
57.315003
70.033413
63.289982
66.181671
88.653013
69.009200
46.525705
20.386773
87.765030
52.699477
45.727554
113.475920
83.149062
88.076892
84.318975
45.350030
78.472950
52.723070
53.172439
65.013187
39.093460
65.722854
69.900401
78.620668
31.512606
112.066865
45.741843
71.889472
85.633842
61.707830
64.673593
64.533591
55.391044
77.765141
57.138179
66.328272
53.737469
55.452122
54.845650
57.924384
42.780667
52.691879
71.107002
46.326812
44.296418
69.377172
51.531863
94.120712
44.548186
77.487356
106.718163
47.727949
39.321737
105.371441
70.875133
69.678879
93.412465
91.720257
108.798996
41.591218
44.779346
38.773029
74.718280
65.265044
89.817296
66.439181
34.898564
71.399377
97.423484
50.074617
71.428063
9.038454
40.728456
52.426094
108.512497
111.805052
104.085436
69.767319
83.660368
104.071405
58.606138
34.652820
90.730625
47.851075
56.569323
66.074384
73.032124
34.385014
53.659803
65.198141
29.559795
38.612478
75.967626
73.667013
55.164735
106.155461
69.366506
53.035417
50.559508
70.776624
48.426842
72.202114
87.423779
75.469581
60.263096
53.222909
94.016030
31.699513
51.212238
45.994006
35.690761
46.648028
46.328987
72.640559
25.011661
57.528000
58.245249
109.992506
100.134653
104.390650
86.138854
104.786247
111.061761
56.613411
86.711457
108.016909
114.004451
98.374256
64.963384
60.465270
55.488952
75.078217
102.574089
91.244821
79.799519
112.975025
115.545042
111.930793
108.265337
62.723474
54.226832
85.987809
61.706913
40.497865
59.703968
113.147843
113.081815
108.075502
45.255608
60.570027
29.944808
26.114662
37.896023
90.863447
37.527904
49.533762
109.205417
110.071800
109.356987
110.779244
76.592936
94.205436
82.887188
110.764207
87.506142
101.525798
103.419551
26.363561
87.523855
116.639740
107.219019
98.848878
95.793655
81.762810
93.511679
100.095311
46.654773
41.308494
53.886600
75.684749
78.368012
59.946777
33.728356
34.236460
94.987271
84.005908
108.743619
66.197365
71.469367
112.890704
69.550291
87.678377
67.059378
85.976998
99.403125
107.071721
103.224926
108.273725
97.234081
105.350490
103.818163
110.934161
81.774046
106.406719
90.087733
112.665725
109.426838
95.963621
92.593974
65.863298
69.747974
104.493742
109.613459
104.460100
90.226193
46.642634
114.351648
112.013513
106.798677
104.351296
94.957809
110.344344
75.739439
113.081611
100.637858
112.663423
110.892558
110.479589
85.622885
38.342557
95.679124
92.195766
82.870530
103.257270
89.923711
99.383173
86.372449
106.444805
88.232284
62.498557
107.365412
75.217995
76.632827
80.941337
50.889936
78.754164
43.063034
88.779615
88.482596
101.378898
81.940509
91.558381
63.575026
51.376818
51.008883
88.625154
92.066843
93.568319
78.033209
74.397805
89.440612
53.805178
46.037365
39.487140
36.198989
91.762594
46.441956
38.443857
51.536952
61.573758
44.796064
32.271386
73.536762
76.413933
106.061061
46.220491
70.915346
97.829800
93.411986
100.987333
99.050506
112.027087
97.671951
46.998584
87.679424
109.516043
21.859486
21.656920
18.999686
38.718565
35.437339
33.277610
40.128708
50.135625
42.953227
67.454557
53.182365
78.449696
62.444733
95.222569
99.113448
50.907918
85.035777
101.616263
87.371394
54.573252
55.900509
106.873693
107.792213
52.343673
97.443411
88.186769
50.913155
52.414545
49.724074
69.097451
100.241395
37.765925
65.403765
45.525972
114.440039
66.795955
34.439353
73.015318
44.193124
56.967462
71.932161
54.671026
24.569916
55.565112
19.630391
44.764055
32.932969
43.237999
110.629782
112.849787
100.301352
95.678834
107.364590
116.126204
97.567500
41.786319
102.676004
71.497549
95.226457
89.563969
113.248906
90.069721
92.088135
108.836314
71.466528
105.671075
56.239755
81.831823
105.206100
76.257043
86.836935
90.340544
96.494183
95.146987
100.573400
71.792593
86.867270
87.722539
104.518941
36.545451
86.047532
36.762687
34.869477
41.482992
38.483777
60.851245
23.998290
42.834955
36.176539
77.187501
34.964991
112.818481
55.647105
54.900530
58.449484
38.406302
40.753415
36.001662
35.728322
61.312993
30.334170
32.957790
37.873453
45.532875
68.630208
47.788158
44.819720
68.786985
79.240233
43.902684
31.645320
42.288754
99.805406
65.519936
46.981065
51.497701
55.692056
108.899293
54.991735
98.504895
88.021199
62.633522
51.120949
69.318596
67.439697
76.942180
84.293368
98.331632
94.836558
99.126971
54.484487
86.345372
92.029783
95.374332
91.992754
92.400362
92.032065
88.952094
56.521147
88.011056
89.975669
43.593224
76.698656
103.576735
40.612778
51.525250
68.110847
113.479895
37.029862
59.963170
32.194007
97.952766
113.573887
85.658456
97.825971
53.563240
93.990896
99.116580
71.698430
96.157825
89.669905
102.590681
50.654926
41.789997
90.909341
54.856637
39.787313
60.467803
109.087113
31.458040
28.985895
99.516888
70.375360
67.213261
59.099262
112.055097
115.557470
111.919504
102.400835
38.693764
53.164470
47.745550
65.962087
106.085668
82.111720
65.234146
62.730852
107.198918
56.407616
54.982558
83.312436
101.469435
28.562530
79.914723
53.810410
60.150563
52.411103
97.483058
66.587690
60.728745
74.416726
78.461938
75.204238
109.919806
89.721128
92.558043
101.088297
91.737514
101.014471
111.768288
105.382299
101.606204
81.136531
